1.0038285137261361E14   1.0117328503764978E14   1.0122471841157295E14   1.0163674664779481E14   1.055260378102027E14   1.0600940114404278E14   1.0647076282680275E14   
1.0688093600515748E14   1.0706059844290781E14   1.0898341714120688E14   1.0938824749286156E14   1.0992363427462369E14   1.1023597325770633E14   1.109825745912263E14   
1.1187360606174744E14   1.1204610215820058E14   1.1229338992206533E14   1.1331678793692281E14   1.136477324186535E14   1.169527700818988E14   1.171423048365394E14   
1.1737403671908698E14   1.1821712527231256E14   1.1878451715739327E14   1.2010379584685431E14   1.2249571469513186E14   1.2294948975979828E14   1.230968415242615E14   
1.2312096087220869E14   1.2427325543563369E14   1.255408367695593E14   1.2719451912913058E14   1.2796469996429788E14   1.2892744891422805E14   1.291773683804929E14   
1.2936886491404962E14   1.299968417480891E14   1.312595406180219E14   1.3245219234733892E14   1.3277479889245088E14   1.3300107371094831E14   1.3392347645452734E14   
1.345473666762146E14   1.3489984446043339E14   1.3554660495821897E14   1.369681304620874E14   1.3728157777787678E14   1.377714202291911E14   1.3865386542590227E14   
1.3927828534016622E14   1.3934518118947528E14   1.3969284108759772E14   1.4042961377799031E14   1.439731010414636E14   1.444498952964475E14   1.4474301254180225E14   
1.451830859130459E14   1.4581665392223306E14   1.4725796331842375E14   1.4727122714065222E14   1.4728879069634903E14   1.4735795441069875E14   1.5007273663392834E14   
1.503895266059816E14   1.508792868938157E14   1.5198754734267953E14   1.530020953863719E14   1.533051880227312E14   1.5541213481740434E14   1.5814866071696938E14   
1.659333596379328E14   1.66259338287156E14   1.6689025070595088E14   1.6738969346875275E14   1.68886779390336E14   1.6891692831073762E14   1.70782410621984E14   
1.7133720914624584E14   1.7206410661411222E14   1.734021513298425E14   1.740724406208077E14   1.7434640151278288E14   1.771575582534885E14   1.7747378905028588E14   
1.7824694730024238E14   1.7963868572221956E14   1.7992188392542425E14   1.8064080936981506E14   1.8067274745845025E14   1.824622466286352E14   1.8299794375896084E14   
1.8316566492462525E14   1.8359542473064834E14   1.8529825924433238E14   1.8571975726010244E14   1.8697106306964312E14   1.880745172465904E14   1.8930908442098188E14   
1.910952396967543E14   1.9268853490854694E14   1.9303667172679525E14   1.9418413182211056E14   1.942097836844333E14   1.943056646410686E14   1.9644329531762106E14   
1.986268121632767E14   1.98756054583608E14   1.9911449289785606E14   1.9979276604670188E14   2.0013314747599103E14   2.029654512219298E14   2.035777996777707E14   
2.070388651489135E14   2.0711160773142344E14   2.0741841434566788E14   2.082382162833083E14   2.0957801408519594E14   2.097220430757788E14   2.1040940821463838E14   
2.1096990798790412E14   2.132097100959242E14   2.1401804261757522E14   2.163987074369192E14   2.1735817093184562E14   2.1813947404497256E14   2.1871857137682694E14   
2.1953483560574012E14   2.1977758115055788E14   2.2038551954158594E14   2.2160627083918278E14   2.222444430588563E14   2.2258361809318675E14   2.2296241133685297E14   
2.2365974966438034E14   2.241722814993006E14   2.251425352030302E14   2.2519843518278366E14   2.2644605718080062E14   2.2833516805284247E14   2.2853484963191606E14   
2.2935584776073944E14   2.2963625580635006E14   2.307615244913118E14   2.307750055147082E14   2.3110378272216756E14   2.3143364942368416E14   2.3336977694672556E14   
2.334356649253598E14   2.3479732781222388E14   2.35214286467073E14   2.3530374503977478E14   2.360505211769747E14   2.3676541535828944E14   2.3687727935696038E14   
2.391137176466302E14   2.3924419302938862E14   2.3959490178684503E14   2.396765449734207E14   2.4062575961404288E14   2.4174471772274838E14   2.4220133917380778E14   
2.454903318766192E14   2.45944047386505E14   2.4640446024117156E14   2.4643406342297947E14   2.46541782577846E14   2.477579240188361E14   2.4809191175996906E14   
2.4858498777964047E14   2.4890554008733494E14   2.489868222818771E14   2.496598171823533E14   2.5115923779147388E14   2.519792140382036E14   2.5256778029970294E14   
2.5397392295560325E14   2.5399627855045528E14   2.589818478419702E14   2.6122709855139603E14   2.630631380773361E14   2.6367211224918944E14   2.6373733350402312E14   
2.6472522514046397E14   2.65003069852779E14   2.6692208657968053E14   2.676625777058751E14   2.6813879092186328E14   2.6833134862362072E14   2.6902576421156403E14   
2.699287547238769E14   2.7069884128405928E14   2.7124121533599566E14   2.7147200003187044E14   2.7215025802762497E14   2.7519382719007778E14   2.753933473052797E14   
2.761429677419825E14   2.7769559919786997E14   2.777672356474191E14   2.7820445740090034E14   2.7875080424175806E14   2.7878586041325303E14   2.7932635358319538E14   
2.7945988038993156E14   2.8007898717184625E14   2.8053689391815756E14   2.835988282952034E14   2.842200351222863E14   2.843897156354903E14   2.854983631988465E14   
2.862728043298426E14   2.8630243018103575E14   2.863510789849476E14   2.883060239422055E14   2.91228118640334E14   2.9215472519609525E14   2.923960862422065E14   
2.941399099074081E14   2.9468852235343825E14   2.955941032677719E14   2.9613422516976875E14   2.9920651853959644E14   2.9948764118555625E14   2.995511530705392E14   
2.998078043227935E14   3.026393944201524E14   3.034053493663332E14   3.046460875874845E14   3.047402821330805E14   3.04999630017051E14   3.0681745069983844E14   
3.070742594767936E14   3.0806296034840294E14   3.08888095010579E14   3.092142333774182E14   3.09408441751475E14   3.115982479074895E14   3.121536075509365E14   
3.139877360690366E14   3.143513831113824E14   3.1439090950160556E14   3.1570524297537506E14   3.171196636921656E14   3.1755378242677294E14   3.194047173034545E14   
3.20275799757025E14   3.2102719884797675E14   3.2193391831835275E14   3.220828142921371E14   3.242258651848209E14   3.250187374828897E14   3.256074110366126E14   
3.27445637866085E14   3.3002176311533144E14   3.319014261092658E14   3.3224472617375544E14   3.336366464248159E14   3.33678767313155E14   3.337473615082669E14   
3.347791649274406E14   3.355237950745489E14   3.358076767289977E14   3.361510991276605E14   3.367352433912426E14   3.367422361248011E14   3.37002217712448E14   
3.377187195045326E14   3.3829031670362556E14   3.389674529398085E14   3.398246394709345E14   3.4108169544638425E14   3.413075726577424E14   3.42073959387869E14   
3.423839035569325E14   3.426134194673818E14   3.4381041757616675E14   3.4395641944949025E14   3.4399586978675275E14   3.448812898767355E14   3.450367827185888E14   
3.452491928475119E14   3.4623442158787375E14   3.477699919662822E14   3.4898567782782144E14   3.495854483776418E14   3.532512518538356E14   3.5358835110868106E14   
3.5445831360821975E14   3.571212179780616E14   3.573425734767099E14   3.5755642013512925E14   3.5792384021195275E14   3.6031761963402975E14   3.6050445087037625E14   
3.60514068301849E14   3.6106561873981094E14   3.621234507036216E14   3.643358755690943E14   3.6545399505372644E14   3.658410161286804E14   3.67220129655163E14   
3.679728547874057E14   3.692728479093599E14   3.706199858751694E14   3.7177138018872306E14   3.722284293796651E14   3.728239311632609E14   3.729627959551199E14   
3.746767192531505E14   3.752759833524408E14   3.7532656332085625E14   3.764575614561044E14   3.7784495284668175E14   3.778561395694205E14   3.785320466112678E14   
3.7929326840440325E14   3.7930893835263656E14   3.8112758754426125E14   3.8185854317327644E14   3.820814261069026E14   3.824708068114912E14   3.8253469811983175E14   
3.849978868476309E14   3.850002792560614E14   3.851175335223723E14   3.863155870798317E14   3.8706816224691694E14   3.8762670204427394E14   3.876340668928989E14   
3.877294822310195E14   3.8883014567065344E14   3.919752700140491E14   3.94872634863138E14   3.95810976671675E14   3.959107719198678E14   3.9683398869474375E14   
3.97942120681014E14   3.9813462823321325E14   4.010810673836562E14   4.0213950581102775E14   4.0283413649321525E14   4.0312021244655475E14   4.046506450743265E14   
4.056358985323483E14   4.06572453926495E14   4.091349382490365E14   4.093907513479224E14   4.124884090346134E14   4.167429677997792E14   4.1709772749991306E14   
4.1784447250462556E14   4.179946330044058E14   4.202817692448632E14   4.216488653530187E14   4.219751489004156E14   4.233018960476502E14   4.2341956054995556E14   
4.239814377171242E14   4.240349104582427E14   4.248428904055473E14   4.267807823769578E14   4.275179529072805E14   4.2760087023079094E14   4.27684422694183E14   
4.290611226850569E14   4.311141431176826E14   4.3147883896715494E14   4.3335021555176444E14   4.342443512451568E14   4.342771241331246E14   4.342944687402056E14   
4.347591619260526E14   4.348741049704817E14   4.3542368521548694E14   4.359399468031E14   4.3598114510175025E14   4.3632147909672694E14   4.376027371719551E14   
4.392414084418239E14   4.3926535779858094E14   4.406783891739426E14   4.412042962540126E14   4.424883776182806E14   4.4297953901077844E14   4.430443432931831E14   
4.4404821906132444E14   4.4476582150199475E14   4.449133693961537E14   4.449939296022108E14   4.4694537753937406E14   4.4790234010253494E14   4.4853234918924906E14   
4.486991117387707E14   4.488364056822188E14   4.49828155395032E14   4.5029228374453756E14   4.532890036520514E14   4.5412134980016694E14   4.5459034858058506E14   
4.547423898341603E14   4.5567923905355056E14   4.5661068150733956E14   4.572953741082666E14   4.5768430380070694E14   4.577115231177216E14   4.612185878919793E14   
4.62604198563822E14   4.6383314438569694E14   4.647309558702884E14   4.6501033244988156E14   4.651980544143821E14   4.6584895169026006E14   4.6652956595383294E14   
4.6698615387867475E14   4.7016838002271706E14   4.715627553407324E14   4.7232672153827706E14   4.727385267736374E14   4.737780939773556E14   4.743350808471061E14   
4.7509008202861925E14   4.753767897303349E14   4.7675524515408394E14   4.773120479157947E14   4.773526714576224E14   4.7740971472494206E14   4.7942936749964694E14   
4.7981688472055356E14   4.8057205424892594E14   4.807920644447909E14   4.815194133513875E14   4.825047411600924E14   4.838188709479361E14   4.847924797454471E14   
4.85455410825328E14   4.857057458902572E14   4.858173714988846E14   4.8684666903983475E14   4.9361035519189106E14   4.942942760887551E14   4.943822333120757E14   
4.950831794507584E14   4.9696462172890694E14   4.983052493304873E14   4.98353504998105E14   4.98777126827817E14   4.996328328090439E14   5.0066038594371656E14   
5.0190238027121306E14   5.019218852928463E14   5.020790887480823E14   5.044602256996095E14   5.0453583659359794E14   5.054927829804444E14   5.0622172155505006E14   
5.064870518522542E14   5.066956088550125E14   5.0938747861312144E14   5.098974942095501E14   5.10142335173127E14   5.1028416642203356E14   5.1033258055969925E14   
5.112104583106556E14   5.1286610153264775E14   5.134505959997576E14   5.1353851037190475E14   5.15819844321031E14   5.1591910641260906E14   5.168716820175249E14   
5.180809007250791E14   5.1885109792840906E14   5.208966326474621E14   5.2170310428616275E14   5.228119071840012E14   5.238584833331076E14   5.246995525270835E14   
5.249788056079588E14   5.256148544389582E14   5.263013254922971E14   5.280816420150847E14   5.2932863058662756E14   5.331400708686803E14   5.345881334620923E14   
5.3547636581362506E14   5.363594116915181E14   5.378332062335192E14   5.398934549028566E14   5.4217320221819806E14   5.4255312693731175E14   5.453279215622295E14   
5.4547357333107656E14   5.455341807813693E14   5.457017530587342E14   5.467703182500979E14   5.470213450228556E14   5.47127251518642E14   5.4790992929098225E14   
5.492353132288508E14   5.523551256032928E14   5.5257425910562275E14   5.5322377667076256E14   5.537307048414279E14   5.5432618704387175E14   5.544223402659749E14   
5.544231555269543E14   5.5519520522405594E14   5.5619306579249825E14   5.566087511183618E14   5.585789522688905E14   5.592521400816645E14   5.618937353682015E14   
5.6266133759082144E14   5.638421129598691E14   5.649505365039598E14   5.653969203424316E14   5.667435741075191E14   5.678482795422906E14   5.695875082696155E14   
5.71788433615416E14   5.718809527384342E14   5.720434419791708E14   5.723674153446955E14   5.728450067088035E14   5.728520798353952E14   5.744708635259202E14   
5.74959107058854E14   5.758042436870225E14   5.758538196131868E14   5.783775328857665E14   5.823071330774168E14   5.840843977847888E14   5.854818468914338E14   
5.860423365559658E14   5.861860803701186E14   5.865725378026715E14   5.876080628274361E14   5.88223164888596E14   5.885160325007824E14   5.886994539277002E14   
5.895656881989701E14   5.902627725488818E14   5.903046614995192E14   5.904787356847016E14   5.945110332460638E14   5.953299640079816E14   5.962180413619909E14   
5.965779708769245E14   5.971797389436008E14   5.974729574326052E14   5.97669993328313E14   5.976844936431231E14   5.977692313680636E14   5.977815429527746E14   
6.02730074184658E14   6.03374408819622E14   6.044191611698112E14   6.092951075624718E14   6.093948912202098E14   6.095601236009165E14   6.102374095961495E14   
6.105535931800555E14   6.109944215732616E14   6.112378290809934E14   6.13037953844711E14   6.131372710888948E14   6.152108382645316E14   6.155520845351148E14   
6.159178306413598E14   6.16702295895257E14   6.181389983409706E14   6.188981260187001E14   6.18977985865834E14   6.193701368840192E14   6.219158467352148E14   
6.22305350456893E14   6.241592701383658E14   6.258876306115355E14   6.259234468381285E14   6.279234704861852E14   6.298561446270295E14   6.301900397898072E14   
6.304151397737858E14   6.30515192965614E14   6.312891684259732E14   6.333409959983044E14   6.344556273930909E14   6.349081428984842E14   6.353555722370135E14   
6.35993070202012E14   6.361292237380668E14   6.365552371216081E14   6.376531132506318E14   6.389799582348948E14   6.392275165940675E14   6.399416558731814E14   
6.407212135077222E14   6.408042702166198E14   6.414064437228956E14   6.421775663805582E14   6.424026811176115E14   6.42442368164817E14   6.435054791226726E14   
6.446529093413506E14   6.463609631474095E14   6.468205594071468E14   6.470655157092391E14   6.483620738330444E14   6.505798757218935E14   6.506577357399295E14   
6.5072447135486E14   6.510169152324292E14   6.512168391994342E14   6.514067963622086E14   6.521452966439448E14   6.532357744955142E14   6.53265692909132E14   
6.534144486004696E14   6.536872693557275E14   6.536965301012602E14   6.537271721511255E14   6.538487515992805E14   6.544070627937235E14   6.583031868594688E14   
6.591112795138562E14   6.618075970080928E14   6.621135280664862E14   6.625077814276972E14   6.640177321797602E14   6.640395237691828E14   6.654978234749318E14   
6.661645403407611E14   6.674413756650586E14   6.675504044720338E14   6.685887133252032E14   6.693019410493896E14   6.727461459597525E14   6.73930150064545E14   
6.761712451559388E14   6.771538846632934E14   6.79396751712928E14   6.796521631906868E14   6.799704590552266E14   6.829788730227775E14   6.86465492046054E14   
6.880907289313278E14   6.882026145673359E14   6.893562363567331E14   6.901946167609392E14   6.906648529471479E14   6.917857064366022E14   6.920332459250211E14   
6.922044443575185E14   6.926340790434145E14   6.928978957628282E14   6.934137195624031E14   6.936380754125505E14   6.948663523788532E14   6.95188416049673E14   
6.967768217380126E14   6.969931818762458E14   6.973248644280479E14   6.984157909457401E14   6.988277242561081E14   6.997007487636995E14   7.022499141117369E14   
7.024785961286986E14   7.029899144105326E14   7.03490412656162E14   7.037234695600908E14   7.063508303931168E14   7.074256541295608E14   7.086465506880315E14   
7.103883796782304E14   7.129821333113178E14   7.137665218602146E14   7.145492620608198E14   7.146258777204232E14   7.152045547977434E14   7.154835054776818E14   
7.16170557250706E14   7.177297175323365E14   7.186357137711194E14   7.189197159362815E14   7.201352152122072E14   7.217193086552131E14   7.239851597043415E14   
7.251205696640284E14   7.25734720213726E14   7.261039407242728E14   7.279017355432916E14   7.286294963913134E14   7.308249779797259E14   7.332662324681112E14   
7.339425690925914E14   7.341764026492286E14   7.362601016448584E14   7.362647618619721E14   7.378253310280945E14   7.384949814057344E14   7.393808358235299E14   
7.395988826115996E14   7.417807226089408E14   7.434761873235875E14   7.450577485717012E14   7.450818378250538E14   7.457684541510871E14   7.464388174257356E14   
7.476992182146121E14   7.483009318333115E14   7.496338296767504E14   7.497245087820171E14   7.511445407082274E14   7.525428263144916E14   7.526194682773435E14   
7.535649268196945E14   7.541873563319765E14   7.54907776752783E14   7.563284398197618E14   7.563432900959046E14   7.570521201442571E14   7.574920019282816E14   
7.577145385099475E14   7.579285064771106E14   7.58068939568296E14   7.603044064394005E14   7.607982726795468E14   7.610301236272781E14   7.618795139686398E14   
7.633009147175079E14   7.637400143029082E14   7.646032885175601E14   7.653496246333542E14   7.673135671151256E14   7.673919051451669E14   7.676516994007535E14   
7.678537911927656E14   7.685679674936582E14   7.689110651243039E14   7.692372345117041E14   7.693034369572232E14   7.699057235910546E14   7.704111643929712E14   
7.714145230917856E14   7.743718212323598E14   7.751970353457731E14   7.753971932068569E14   7.762178543512214E14   7.763824381103078E14   7.765190933374944E14   
7.782947891795448E14   7.786836777345476E14   7.799567347627992E14   7.80206251341608E14   7.803312733798278E14   7.804920916733892E14   7.825181507127436E14   
7.835618611029439E14   7.84582455274226E14   7.854365115624636E14   7.855963398300611E14   7.887038639171689E14   7.887795706694182E14   7.892392877330021E14   
7.898996752635086E14   7.905310448644438E14   7.954173953381285E14   7.980921796546494E14   7.98285643785445E14   7.990243666369508E14   8.00359605495809E14   
8.006212001171376E14   8.007739355638242E14   8.018928598450034E14   8.019544565486946E14   8.027213169132206E14   8.035445771977505E14   8.045512455710118E14   
8.055202376702402E14   8.057098100655152E14   8.060717227969039E14   8.065753822627958E14   8.068647278648545E14   8.073991267640551E14   8.083213693074599E14   
8.086191354620814E14   8.100669447625596E14   8.130144498998229E14   8.138676128106414E14   8.148186859294695E14   8.158438729521621E14   8.183538128630132E14   
8.193494068267425E14   8.195359454110154E14   8.204184138372538E14   8.211200052833255E14   8.217051026186728E14   8.235597077011719E14   8.240790210255281E14   
8.243978704478346E14   8.246750274852234E14   8.274183753034532E14   8.275742962519326E14   8.278610643361571E14   8.2921679303456E14   8.299293597656874E14   
8.338740810041815E14   8.356184351593152E14   8.358370554924772E14   8.367478255618642E14   8.367712333575616E14   8.370654942158735E14   8.373086850795049E14   
8.400327072142156E14   8.404245026542388E14   8.409871171557754E14   8.410779070006469E14   8.411835297115644E14   8.422939401430024E14   8.430402918919032E14   
8.4306204982142E14   8.431315983398694E14   8.444320619650046E14   8.460577790841108E14   8.468558383457838E14   8.480226423055201E14   8.481458108435322E14   
8.502450659956139E14   8.506960556061328E14   8.513757322852134E14   8.515797182768186E14   8.532256722220059E14   8.532977512117748E14   8.55720362359899E14   
8.571821043287686E14   8.57819715882032E14   8.579914087248734E14   8.59173612959677E14   8.596386707606784E14   8.610314593839035E14   8.611972360374152E14   
8.642946427606472E14   8.645302353900724E14   8.645634564843542E14   8.646703483658171E14   8.655304146675139E14   8.682136395721796E14   8.682956748501796E14   
8.689315224894824E14   8.705373230364228E14   8.710220551531181E14   8.728001141195491E14   8.733435445323726E14   8.737977582166776E14   8.746249609925746E14   
8.751188178172155E14   8.757692887989315E14   8.767805202709046E14   8.77384935136828E14   8.77939532990657E14   8.782698559875591E14   8.795252223681814E14   
8.799835655248476E14   8.800662015206484E14   8.802836162303439E14   8.803190504243336E14   8.820584626247991E14   8.833173638260276E14   8.835879732448898E14   
8.839473124982262E14   8.840309950742098E14   8.860466219438521E14   8.868564440404302E14   8.872649017200012E14   8.890388419018714E14   8.911176844983711E14   
8.911693325786674E14   8.924482601304399E14   8.925946683702978E14   8.933270493163446E14   8.944182152379301E14   8.964344438751346E14   8.974221845989946E14   
8.97524088127124E14   8.979058633406869E14   8.99291796057194E14   9.000186804730566E14   9.014889530276178E14   9.023377437110701E14   9.028392598703895E14   
9.032414402703418E14   9.03506063827362E14   9.049041693507421E14   9.061341390258718E14   9.06500767054808E14   9.074233719254934E14   9.087231056863658E14   
9.104151272410682E14   9.105059576582779E14   9.105813529057686E14   9.118274174476286E14   9.118319944590871E14   9.142738781921484E14   9.14760466093229E14   
9.14911858911068E14   9.149158453181759E14   9.153986800250405E14   9.159452123406171E14   9.160176479116484E14   9.160930549596544E14   9.162718858978698E14   
9.175886605798448E14   9.176140423820679E14   9.190376935200651E14   9.200329772033301E14   9.200386296360148E14   9.211345154266546E14   9.222102349758366E14   
9.22446361968682E14   9.228178184809962E14   9.232380920590861E14   9.234547538273071E14   9.247788909819359E14   9.259533668488794E14   9.264222677451059E14   
9.269484220106421E14   9.27432487731059E14   9.290331176861856E14   9.294237550359011E14   9.307774504070819E14   9.328699298130522E14   9.339668320660522E14   
9.351298187641958E14   9.37438143470592E14   9.383548807698581E14   9.385168875787591E14   9.38919088215056E14   9.40188678731E14   9.403989414984731E14   
9.419142120976951E14   9.454341728555724E14   9.458643536358155E14   9.469556610037778E14   9.473615314820774E14   9.481063642687868E14   9.50717137863947E14   
9.507342753111714E14   9.51005120261787E14   9.522869740479268E14   9.523997581389352E14   9.528935454007605E14   9.540321644296162E14   9.540452597890654E14   
9.576448997979004E14   9.587076708567409E14   9.601557875172398E14   9.603541615383286E14   9.607297242231902E14   9.610489260736646E14   9.615074429958328E14   
9.616742895897741E14   9.624200738663364E14   9.647362358815449E14   9.653399511590032E14   9.667223939574199E14   9.681941336073425E14   9.70381703204741E14   
9.705076485304494E14   9.710556944148206E14   9.711218703014421E14   9.723015438787824E14   9.762654223725878E14   9.767124818555511E14   9.784923818896059E14   
9.788125753507935E14   9.78818510789853E14   9.793813707014291E14   9.802883473539966E14   9.825192055358882E14   9.837711850155328E14   9.837842331333821E14   
9.842132559433309E14   9.849839911963519E14   9.850516450582531E14   9.854773569466192E14   9.85673156015051E14   9.879649018111312E14   9.886317402253496E14   
9.89054946125264E14   9.892869652738502E14   9.899841204104634E14   9.909251680040034E14   9.929851681116372E14   9.940236564427082E14   9.94399144855366E14   
9.945001056150704E14   9.960825977492896E14   9.991857494699858E14   9.993515501039584E14   9.994155786154669E14   9.997610697318539E14   
